[0,0.1,0.2,0.3,0.4,0.5,0.6,0.7,0.8,0.9,1]
[21,22,21,19,21,33,45,53,53,50,56]
[54,37,23,36,54,36,21,23,37,57,53]
[0,0.012,0.025,0.037,0.05,0.062,0.075,0.087,0.1,0.112,0.125,0.137,0.15,0.162,0.175,0.187,0.2,0.212,0.225,0.237,0.25,0.262,0.275,0.287,0.3,0.312,0.325,0.337,0.35,0.362,0.375,0.387,0.4,0.412,0.425,0.437,0.45,0.462,0.475,0.487,0.5,0.512,0.525,0.537,0.55,0.562,0.575,0.587,0.6,0.612,0.625,0.637,0.65,0.662,0.675,0.687,0.7,0.712,0.725,0.737,0.75,0.762,0.775,0.787,0.8,0.812,0.825,0.837,0.85,0.862,0.875,0.887,0.9,0.912,0.925,0.937,0.95,0.962,0.975,0.987,1.0]
[0,0.2,0.4,0.6,0.8,1]
[66,67,73,81,82,81]
[43,27,22,27,38,43]
[0,0.045,0.091,0.136,0.182,0.227,0.273,0.318,0.364,0.409,0.455,0.5,0.545,0.591,0.636,0.682,0.727,0.773,0.818,0.864,0.909,0.955,1]
[0,0.167,0.333,0.5,0.667,0.833,1]
[91,92,97,101,106,109,112]
[43,29,40,35,39,34,31]
[0,0.05,0.1,0.15,0.2,0.25,0.3,0.35,0.4,0.45,0.5,0.55,0.6,0.65,0.7,0.75,0.8,0.85,0.9,0.95,1]
[0,0.111,0.222,0.333,0.444,0.556,0.667,0.778,0.889,1]
[120,126,131,130,125,125,134,141,141,150]
[39,35,37,44,38,29,28,42,26,45]
[0,0.025,0.05,0.075,0.1,0.125,0.15,0.175,0.2,0.225,0.25,0.275,0.3,0.325,0.35,0.375,0.4,0.425,0.45,0.475,0.5,0.525,0.55,0.575,0.6,0.625,0.65,0.675,0.7,0.725,0.75,0.775,0.8,0.825,0.85,0.875,0.9,0.925,0.95,0.975,1]
[0,0.1,0.2,0.3,0.4,0.5,0.6,0.7,0.8,0.9,1]
[159,158,156,158,169,169,170,183,183,182,184]
[57,48,43,33,44,42,30,47,46,36,32]
[0,0.02,0.04,0.06,0.08,0.1,0.12,0.14,0.16,0.18,0.2,0.22,0.24,0.26,0.28,0.3,0.32,0.34,0.36,0.38,0.4,0.42,0.44,0.46,0.48,0.5,0.52,0.54,0.56,0.58,0.6,0.62,0.64,0.66,0.68,0.7,0.72,0.74,0.76,0.78,0.8,0.82,0.84,0.86,0.88,0.9,0.92,0.94,0.96,0.98,1]
[0,1]
[188,189]
[57,56]
[0,1]
[0,0.25,0.5,0.75,1]
[237,233,230,247,231]
[50,51,49,35,34]
[0,0.05,0.1,0.15,0.2,0.25,0.3,0.35,0.4,0.45,0.5,0.55,0.6,0.65,0.7,0.75,0.8,0.85,0.9,0.95,1]
[0,0.125,0.25,0.375,0.5,0.625,0.75,0.875,1]
[254,254,261,264,260,266,272,266,277]
[49,42,38,45,49,44,35,25,23]
[0,0.033,0.067,0.1,0.133,0.167,0.2,0.233,0.267,0.3,0.333,0.367,0.4,0.433,0.467,0.5,0.533,0.567,0.6,0.633,0.667,0.7,0.733,0.767,0.8,0.833,0.867,0.9,0.933,0.967,1]
[0,0.091,0.182,0.273,0.364,0.455,0.545,0.636,0.727,0.818,0.909,1]
[321,325,331,327,323,333,339,340,340,345,350,350]
[51,45,38,35,38,43,47,50,45,39,43,51]
[0,0.025,0.05,0.075,0.1,0.125,0.15,0.175,0.2,0.225,0.25,0.275,0.3,0.325,0.35,0.375,0.4,0.425,0.45,0.475,0.5,0.525,0.55,0.575,0.6,0.625,0.65,0.675,0.7,0.725,0.75,0.775,0.8,0.825,0.85,0.875,0.9,0.925,0.95,0.975,1]
[0,0.111,0.222,0.333,0.444,0.556,0.667,0.778,0.889,1]
[359,363,357,352,355,361,368,372,369,362.5]
[52,25,12,16,32,50,54,50,42,37]
[0,0.02,0.04,0.06,0.08,0.1,0.12,0.14,0.16,0.18,0.2,0.22,0.24,0.26,0.28,0.3,0.32,0.34,0.36,0.38,0.4,0.42,0.44,0.46,0.48,0.5,0.52,0.54,0.56,0.58,0.6,0.62,0.64,0.66,0.68,0.7,0.72,0.74,0.76,0.78,0.8,0.82,0.84,0.86,0.88,0.9,0.92,0.94,0.96,0.98,1]
[0,0.111,0.222,0.333,0.444,0.556,0.667,0.778,0.889,1]
[378,383,391,388,380,384,403,404,404,417]
[48,43,51,53,45,35,54,53,39,55]
[0,0.02,0.04,0.06,0.08,0.1,0.12,0.14,0.16,0.18,0.2,0.22,0.24,0.26,0.28,0.3,0.32,0.34,0.36,0.38,0.4,0.42,0.44,0.46,0.48,0.5,0.52,0.54,0.56,0.58,0.6,0.62,0.64,0.66,0.68,0.7,0.72,0.74,0.76,0.78,0.8,0.82,0.84,0.86,0.88,0.9,0.92,0.94,0.96,0.98,1]
[0,1]
[453,454]
[56,55]
[0,1]
[0,1]
[455,456]
[43,44]
[0,1]
[0,1]
[462,469]
[51,51]
[0,1]
[0,0.33,0.66,1]
[472,477,477,473]
[63,54,46,40]
[0,0.1,0.2,0.3,0.4,0.5,0.6,0.7,0.8,0.9,1]
